0,3026,-0.335416666667,-0.383333333333
7,1542,-0.189583333333,-0.0479166666667
1,1403,-0.314583333333,-0.335416666667
5,1194,-0.23125,-0.14375
4,956,-0.252083333333,-0.191666666667
9,825,-0.147916666667,0.0479166666667
2,810,-0.29375,-0.2875
6,439,-0.210416666667,-0.0958333333333
3,295,-0.272916666667,-0.239583333333
8,1,-0.16875,0.0
20,277,0.08125,0.575
5,270,-0.23125,-0.14375
0,270,-0.335416666667,-0.383333333333
4,261,-0.252083333333,-0.191666666667
10,247,-0.127083333333,0.0958333333333
70,209,1.12291666667,2.97083333333
7,195,-0.189583333333,-0.0479166666667
71,192,1.14375,3.01875
2,163,-0.29375,-0.2875
40,156,0.497916666667,1.53333333333
9,155,-0.147916666667,0.0479166666667
30,153,0.289583333333,1.05416666667
47,149,0.64375,1.86875
54,141,0.789583333333,2.20416666667
11,135,-0.10625,0.14375
92,127,1.58125,4.025
17,125,0.01875,0.43125
77,111,1.26875,3.30625
57,111,0.852083333333,2.34791666667
15,110,-0.0229166666667,0.335416666667
1,92,-0.314583333333,-0.335416666667
72,90,1.16458333333,3.06666666667
41,87,0.51875,1.58125
55,79,0.810416666667,2.25208333333
56,76,0.83125,2.3
90,71,1.53958333333,3.92916666667
79,71,1.31041666667,3.40208333333
50,71,0.70625,2.0125
6,71,-0.210416666667,-0.0958333333333
93,64,1.60208333333,4.07291666667
61,61,0.935416666667,2.53958333333
29,60,0.26875,1.00625
60,57,0.914583333333,2.49166666667
49,57,0.685416666667,1.96458333333
91,53,1.56041666667,3.97708333333
51,53,0.727083333333,2.06041666667
75,49,1.22708333333,3.21041666667
96,37,1.66458333333,4.21666666667
3,34,-0.272916666667,-0.239583333333
14,33,-0.04375,0.2875
27,31,0.227083333333,0.910416666667
63,30,0.977083333333,2.63541666667
59,28,0.89375,2.44375
97,26,1.68541666667,4.26458333333
69,26,1.10208333333,2.92291666667
67,25,1.06041666667,2.82708333333
95,22,1.64375,4.16875
22,20,0.122916666667,0.670833333333
76,18,1.24791666667,3.25833333333
73,18,1.18541666667,3.11458333333
74,17,1.20625,3.1625
45,17,0.602083333333,1.77291666667
16,12,-0.00208333333333,0.383333333333
64,11,0.997916666667,2.68333333333
19,11,0.0604166666667,0.527083333333
21,10,0.102083333333,0.622916666667
65,9,1.01875,2.73125
42,9,0.539583333333,1.62916666667
94,8,1.62291666667,4.12083333333
44,8,0.58125,1.725
23,8,0.14375,0.71875
99,7,1.72708333333,4.36041666667
26,7,0.20625,0.8625
12,7,-0.0854166666667,0.191666666667
25,5,0.185416666667,0.814583333333
62,4,0.95625,2.5875
53,4,0.76875,2.15625
34,4,0.372916666667,1.24583333333
13,4,-0.0645833333333,0.239583333333
35,3,0.39375,1.29375
66,2,1.03958333333,2.77916666667
43,2,0.560416666667,1.67708333333
37,2,0.435416666667,1.38958333333
24,2,0.164583333333,0.766666666667
87,1,1.47708333333,3.78541666667
58,1,0.872916666667,2.39583333333
46,1,0.622916666667,1.82083333333
36,1,0.414583333333,1.34166666667
31,1,0.310416666667,1.10208333333
54,88,0.789583333333,2.20416666667
302,85,5.95625,14.0875
710,82,14.45625,33.6375
200,80,3.83125,9.2
5,69,-0.23125,-0.14375
40,68,0.497916666667,1.53333333333
547,67,11.0604166667,25.8270833333
104,67,1.83125,4.6
920,64,18.83125,43.7
110,55,1.95625,4.8875
20,52,0.08125,0.575
720,50,14.6645833333,34.1166666667
105,44,1.85208333333,4.64791666667
930,43,19.0395833333,44.1791666667
70,38,1.12291666667,2.97083333333
41,38,0.51875,1.58125
0,37,-0.335416666667,-0.383333333333
705,36,14.3520833333,33.3979166667
57,35,0.852083333333,2.34791666667
29,35,0.26875,1.00625
917,34,18.76875,43.55625
292,34,5.74791666667,13.6083333333
204,33,3.91458333333,9.39166666667
707,32,14.39375,33.49375
477,32,9.60208333333,22.4729166667
207,32,3.97708333333,9.53541666667
471,31,9.47708333333,22.1854166667
172,31,3.24791666667,7.85833333333
71,31,1.14375,3.01875
49,29,0.685416666667,1.96458333333
400,27,7.99791666667,18.7833333333
4,27,-0.252083333333,-0.191666666667
571,25,11.5604166667,26.9770833333
47,25,0.64375,1.86875
470,24,9.45625,22.1375
407,24,8.14375,19.11875
570,23,11.5395833333,26.9291666667
540,23,10.9145833333,25.4916666667
170,23,3.20625,7.7625
156,23,2.91458333333,7.09166666667
409,22,8.18541666667,19.2145833333
792,21,16.1645833333,37.5666666667
209,21,4.01875,9.63125
93,21,1.60208333333,4.07291666667
630,20,12.7895833333,29.8041666667
617,20,12.51875,29.18125
411,20,8.22708333333,19.3104166667
92,20,1.58125,4.025
30,20,0.289583333333,1.05416666667
560,19,11.33125,26.45
155,19,2.89375,7.04375
90,19,1.53958333333,3.92916666667
77,19,1.26875,3.30625
11,19,-0.10625,0.14375
771,18,15.7270833333,36.5604166667
770,18,15.70625,36.5125
704,18,14.33125,33.35
56,18,0.83125,2.3
757,17,15.4354166667,35.8895833333
671,17,13.64375,31.76875
55,17,0.810416666667,2.25208333333
772,16,15.7479166667,36.6083333333
79,16,1.31041666667,3.40208333333
7,16,-0.189583333333,-0.0479166666667
715,15,14.5604166667,33.8770833333
711,15,14.4770833333,33.6854166667
702,15,14.2895833333,33.2541666667
611,15,12.39375,28.89375
515,15,10.39375,24.29375
415,15,8.31041666667,19.5020833333
177,15,3.35208333333,8.09791666667
91,15,1.56041666667,3.97708333333
963,14,19.7270833333,45.7604166667
579,14,11.7270833333,27.3604166667
569,14,11.51875,26.88125
550,14,11.1229166667,25.9708333333
493,14,9.93541666667,23.2395833333
67,14,1.06041666667,2.82708333333
61,14,0.935416666667,2.53958333333
700,13,14.2479166667,33.1583333333
410,13,8.20625,19.2625
405,13,8.10208333333,19.0229166667
157,13,2.93541666667,7.13958333333
111,13,1.97708333333,4.93541666667
107,13,1.89375,4.74375
96,13,1.66458333333,4.21666666667
1,13,-0.314583333333,-0.335416666667
609,12,12.3520833333,28.7979166667
509,12,10.26875,24.00625
51,12,0.727083333333,2.06041666667
17,12,0.01875,0.43125
6,12,-0.210416666667,-0.0958333333333
561,11,11.3520833333,26.4979166667
559,11,11.3104166667,26.4020833333
404,11,8.08125,18.975
27,11,0.227083333333,0.910416666667
15,11,-0.0229166666667,0.335416666667
970,10,19.8729166667,46.0958333333
903,10,18.4770833333,42.8854166667
500,10,10.08125,23.575
547,52,11.0604166667,25.8270833333
54,46,0.789583333333,2.20416666667
7200,31,149.664583333,344.616666667
2005,31,41.4354166667,95.6895833333
9302,30,193.45625,445.3375
7104,29,147.664583333,340.016666667
9204,26,191.414583333,440.641666667
5477,25,113.76875,262.05625
3029,25,62.76875,144.75625
4710,24,97.7895833333,225.304166667
3020,24,62.58125,144.325
292,24,5.74791666667,13.6083333333
1720,23,35.4979166667,82.0333333333
7105,19,147.685416667,340.064583333
2920,19,60.4979166667,139.533333333
1040,17,21.33125,49.45
9172,16,190.747916667,439.108333333
6302,16,130.95625,301.5875
930,16,19.0395833333,44.1791666667
5,16,-0.23125,-0.14375
7054,15,146.622916667,337.620833333
1105,15,22.6854166667,52.5645833333
705,15,14.3520833333,33.3979166667
571,15,11.5604166667,26.9770833333
2000,14,41.33125,95.45
9200,13,191.33125,440.45
7920,13,164.664583333,379.116666667
2092,13,43.2479166667,99.8583333333
2004,13,41.4145833333,95.6416666667
1041,13,21.3520833333,49.4979166667
209,13,4.01875,9.63125
5470,12,113.622916667,261.720833333
4770,12,99.0395833333,228.179166667
540,12,10.9145833333,25.4916666667
9630,11,200.289583333,461.054166667
7020,11,145.914583333,335.991666667
5609,11,116.51875,268.38125
1702,11,35.1229166667,81.1708333333
1057,11,21.6854166667,50.2645833333
920,11,18.83125,43.7
917,11,18.76875,43.55625
410,11,8.20625,19.2625
409,11,8.18541666667,19.2145833333
400,11,7.99791666667,18.7833333333
207,11,3.97708333333,9.53541666667
200,11,3.83125,9.2
110,11,1.95625,4.8875
7720,10,160.497916667,369.533333333
7070,10,146.95625,338.3875
6710,10,139.45625,321.1375
5710,10,118.622916667,273.220833333
4110,10,85.2895833333,196.554166667
1772,10,36.58125,84.525
470,10,9.45625,22.1375
302,10,5.95625,14.0875
4707,9,97.7270833333,225.160416667
2079,9,42.9770833333,99.2354166667
2070,9,42.7895833333,98.8041666667
1579,9,32.5604166667,75.2770833333
1569,9,32.3520833333,74.7979166667
1560,9,32.1645833333,74.3666666667
1559,9,32.14375,74.31875
1051,9,21.5604166667,49.9770833333
792,9,16.1645833333,37.5666666667
710,9,14.45625,33.6375
515,9,10.39375,24.29375
40,9,0.497916666667,1.53333333333
2047,8,42.3104166667,97.7020833333
1049,8,21.51875,49.88125
963,8,19.7270833333,45.7604166667
671,8,13.64375,31.76875
570,8,11.5395833333,26.9291666667
471,8,9.47708333333,22.1854166667
415,8,8.31041666667,19.5020833333
9170,7,190.70625,439.0125
9030,7,187.789583333,432.304166667
9017,7,187.51875,431.68125
7917,7,164.602083333,378.972916667
7710,7,160.289583333,369.054166667
7570,7,157.372916667,362.345833333
7110,7,147.789583333,340.304166667
7057,7,146.685416667,337.764583333
5509,7,114.435416667,263.589583333
5471,7,113.64375,261.76875
5407,7,112.310416667,258.702083333
4093,7,84.9354166667,195.739583333
2040,7,42.1645833333,97.3666666667
1107,7,22.7270833333,52.6604166667
1104,7,22.6645833333,52.5166666667
1056,7,21.6645833333,50.2166666667
1055,7,21.64375,50.16875
909,7,18.6020833333,43.1729166667
715,7,14.5604166667,33.8770833333
9617,6,200.01875,460.43125
7207,6,149.810416667,344.952083333
7071,6,146.977083333,338.435416667
5475,6,113.727083333,261.960416667
5155,6,107.060416667,246.627083333
5110,6,106.122916667,244.470833333
4930,6,102.372916667,235.845833333
547,30,11.0604166667,25.8270833333
20054,24,417.45625,960.5375
5477,23,113.76875,262.05625
72005,18,1499.76875,3449.85625
30292,18,630.747916667,1451.10833333
17200,17,357.997916667,823.783333333
2920,14,60.4979166667,139.533333333
20005,13,416.435416667,958.189583333
91720,12,1910.49791667,4394.53333333
70547,12,1469.39375,3379.99375
54,12,0.789583333333,2.20416666667
54770,11,1140.70625,2624.0125
47105,11,981.01875,2256.73125
9302,11,193.45625,445.3375
93029,10,1937.76875,4457.25625
92004,10,1916.41458333,4408.14166667
17720,9,368.83125,848.7
7054,9,146.622916667,337.620833333
5470,9,113.622916667,261.720833333
96302,8,2005.95625,4614.0875
72000,8,1499.66458333,3449.61666667
71057,8,1480.01875,3404.43125
71040,8,1479.66458333,3403.61666667
63020,8,1312.58125,3019.325
30209,8,629.01875,1447.13125
30207,8,628.977083333,1447.03541667
29204,8,608.08125,1398.975
20792,8,432.83125,995.9
17020,8,354.247916667,815.158333333
15609,8,324.852083333,747.547916667
11051,8,229.89375,529.14375
10515,8,218.727083333,503.460416667
2092,8,43.2479166667,99.8583333333
2079,8,42.9770833333,99.2354166667
92047,7,1917.31041667,4410.20208333
20920,7,435.497916667,1002.03333333
20705,7,431.01875,991.73125
9204,7,191.414583333,440.641666667
4710,7,97.7895833333,225.304166667
92040,6,1917.16458333,4409.86666667
90302,6,1880.95625,4326.5875
77200,6,1607.99791667,3698.78333333
71056,6,1479.99791667,3404.38333333
70200,6,1462.16458333,3363.36666667
57104,6,1189.33125,2735.85
54757,6,1140.43541667,2623.38958333
54710,6,1139.45625,2621.1375
54707,6,1139.39375,2620.99375
7920,6,164.664583333,379.116666667
5475,6,113.727083333,261.960416667
5155,6,107.060416667,246.627083333
79200,5,1649.66458333,3794.61666667
72070,5,1501.12291667,3452.97083333
61772,5,1286.58125,2959.525
56090,5,1168.20625,2687.2625
50917,5,1060.43541667,2439.38958333
30279,5,630.477083333,1450.48541667
29200,5,607.997916667,1398.78333333
27920,5,581.33125,1337.45
20470,5,426.122916667,980.470833333
20040,5,417.164583333,959.866666667
15509,5,322.76875,742.75625
11071,5,230.310416667,530.102083333
10715,5,222.89375,513.04375
10415,5,216.64375,498.66875
9630,5,200.289583333,461.054166667
9172,5,190.747916667,439.108333333
5710,5,118.622916667,273.220833333
3029,5,62.76875,144.75625
2792,5,57.83125,133.4
93027,4,1937.72708333,4457.16041667
92041,4,1917.18541667,4409.91458333
71055,4,1479.97708333,3404.33541667
71049,4,1479.85208333,3404.04791667
71041,4,1479.68541667,3403.66458333
70705,4,1472.68541667,3387.56458333
63029,4,1312.76875,3019.75625
60909,4,1268.60208333,2918.17291667
57917,4,1206.26875,2774.80625
56917,4,1185.43541667,2726.88958333
54775,4,1140.81041667,2624.25208333
47757,4,994.602083333,2287.97291667
47707,4,993.560416667,2285.57708333
47104,4,980.997916667,2256.68333333
47070,4,980.289583333,2255.05416667
20400,4,424.664583333,977.116666667
20047,4,417.310416667,960.202083333
17207,4,358.14375,824.11875
17072,4,355.33125,817.65
15791,4,328.64375,756.26875
15691,4,326.560416667,751.477083333
15590,4,324.45625,746.6375
11041,4,229.685416667,528.664583333
11015,4,229.14375,527.41875
10571,4,219.89375,506.14375
10409,4,216.51875,498.38125
10400,4,216.33125,497.95
5479,4,113.810416667,262.152083333
5407,4,112.310416667,258.702083333
4110,4,85.2895833333,196.554166667
200547,15,4177.72708333,9609.16041667
5477,15,113.76875,262.05625
720054,13,15000.7895833,34502.2041667
302920,13,6310.49791667,14514.5333333
200054,12,4167.45625,9585.5375
917200,11,19107.9979167,43948.7833333
54770,10,1140.70625,2624.0125
547,10,11.0604166667,25.8270833333
930292,9,19380.7479167,44576.1083333
172005,9,3583.10208333,8241.52291667
302079,8,6292.97708333,14474.2354167
29204,8,608.08125,1398.975
20792,8,432.83125,995.9
720005,7,14999.76875,34499.85625
302092,7,6293.24791667,14474.8583333
209204,6,4358.08125,10023.975
207920,6,4331.33125,9962.45
70547,6,1469.39375,3379.99375
20920,6,435.497916667,1002.03333333
963020,5,20062.58125,46144.325
920470,5,19176.1229167,44105.4708333
630207,5,13128.9770833,30197.0354167
207054,5,4313.28958333,9920.95416667
170200,5,3545.49791667,8155.03333333
156090,5,3251.53958333,7478.92916667
110515,5,2302.06041667,5295.12708333
96302,5,2005.95625,4614.0875
91720,5,1910.49791667,4394.53333333
54757,5,1140.43541667,2623.38958333
47105,5,981.01875,2256.73125
920400,4,19174.6645833,44102.1166667
710409,4,14799.8520833,34040.0479167
705477,4,14697.1020833,33803.7229167
630292,4,13130.7479167,30201.1083333
560909,4,11685.26875,26876.50625
547757,4,11411.26875,26246.30625
471055,4,9813.31041667,22571.0020833
292047,4,6083.97708333,13993.5354167
292004,4,6083.08125,13991.475
172000,4,3582.99791667,8241.28333333
157917,4,3289.60208333,7566.47291667
156917,4,3268.76875,7518.55625
110715,4,2306.22708333,5304.71041667
93029,4,1937.76875,4457.25625
57104,4,1189.33125,2735.85
54775,4,1140.81041667,2624.25208333
54707,4,1139.39375,2620.99375
30292,4,630.747916667,1451.10833333
29200,4,607.997916667,1398.78333333
930209,3,19379.01875,44572.13125
920410,3,19174.8729167,44102.5958333
920047,3,19167.3104167,44085.2020833
920040,3,19167.1645833,44084.8666667
917020,3,19104.2479167,43940.1583333
909302,3,18943.45625,43570.3375
903020,3,18812.58125,43269.325
792004,3,16499.7479167,37949.8083333
720705,3,15014.3520833,34533.3979167
710579,3,14803.39375,34048.19375
710569,3,14803.1854167,34047.7145833
710400,3,14799.6645833,34039.6166667
691720,3,14410.4979167,33144.5333333
671056,3,13979.9979167,32154.3833333
647105,3,13481.01875,31006.73125
571041,3,11896.3520833,27361.9979167
547707,3,11410.2270833,26243.9104167
547705,3,11410.1854167,26243.8145833
547700,3,11410.08125,26243.575
547570,3,11407.3729167,26237.3458333
547070,3,11396.95625,26213.3875
515609,3,10741.51875,24705.88125
477055,3,9938.31041667,22858.5020833
471057,3,9813.35208333,22571.0979167
470547,3,9802.72708333,22546.6604167
302192,3,6295.33125,14479.65
177200,3,3691.33125,8490.45
156091,3,3251.56041667,7478.97708333
111569,3,2324.01875,5345.63125
105715,3,2202.06041667,5065.12708333
105155,3,2190.39375,5038.29375
104710,3,2181.12291667,5016.97083333
92040,3,1917.16458333,4409.86666667
71057,3,1480.01875,3404.43125
60411,3,1258.22708333,2894.31041667
54777,3,1140.85208333,2624.34791667
20005,3,416.435416667,958.189583333
5479,3,113.810416667,262.152083333
5475,3,113.727083333,261.960416667
5470,3,113.622916667,261.720833333
963029,2,20062.76875,46144.75625
953020,2,19854.2479167,45665.1583333
951720,2,19827.1645833,45602.8666667
930219,2,19379.2270833,44572.6104167
923047,2,19229.8104167,44228.9520833
922000,2,19207.9979167,44178.7833333
920450,2,19175.70625,44104.5125
920200,2,19170.4979167,44092.5333333
917720,2,19118.83125,43973.7
909630,2,18950.2895833,43586.0541667
903029,2,18812.76875,43269.75625
7200547,12,150011.060417,345025.827083
2005477,9,41780.4354167,96095.3895833
1720054,9,35834.1229167,82418.8708333
9172005,7,191083.102083,439491.522917
3029204,7,63108.08125,145148.975
2000547,7,41677.7270833,95859.1604167
7200054,6,150000.789583,345002.204167
3020920,6,62935.4979167,144752.033333
3020792,6,62932.83125,144745.9
209204,6,4358.08125,10023.975
9302920,5,193810.497917,445764.533333
2070547,5,43136.0604167,99213.3270833
54770,5,1140.70625,2624.0125
917200,4,19107.9979167,43948.7833333
547757,4,11411.26875,26246.30625
292047,4,6083.97708333,13993.5354167
207920,4,4331.33125,9962.45
5477,4,113.76875,262.05625
9302092,3,193793.247917,445724.858333
7207054,3,150146.622917,345337.620833
6917200,3,144107.997917,331448.783333
6302920,3,131310.497917,302014.533333
6302079,3,131292.977083,301974.235417
3029200,3,63107.9979167,145148.783333
2920470,3,60842.7895833,139938.804167
2005479,3,41780.4770833,96095.4854167
1720005,3,35833.1020833,82416.5229167
1560909,3,32518.6020833,74793.1729167
1105155,3,23023.7270833,52954.9604167
705477,3,14697.1020833,33803.7229167
547700,3,11410.08125,26243.575
547570,3,11407.3729167,26237.3458333
292004,3,6083.08125,13991.475
54707,3,1139.39375,2620.99375
9630292,2,200630.747917,461451.108333
9630207,2,200628.977083,461447.035417
9530209,2,198545.685417,456655.464583
9517200,2,198274.664583,456032.116667
9302192,2,193795.33125,445729.65
9230471,2,192301.14375,442293.01875
9204705,2,191764.352083,441058.397917
9204500,2,191760.08125,441048.575
9204104,2,191751.83125,441029.6
9204005,2,191749.76875,441024.85625
9200470,2,191676.122917,440855.470833
9172000,2,191082.997917,439491.283333
9170200,2,191045.497917,439405.033333
9030292,2,188130.747917,432701.108333
7720054,2,160834.122917,369918.870833
7630292,2,158964.08125,365617.775
7307440,2,152237.997917,350147.783333
7302079,2,152126.310417,349890.902083
7156901,2,149101.76875,342934.45625
7156090,2,149084.872917,342895.595833
7105715,2,148035.39375,340481.79375
7105693,2,148034.935417,340480.739583
7104930,2,148019.039583,340444.179167
7104096,2,148001.664583,340404.216667
7104009,2,147999.852083,340400.047917
7072000,2,147332.997917,338866.283333
7054775,2,146974.14375,338040.91875
7054770,2,146974.039583,338040.679167
7054757,2,146973.76875,338040.05625
7020705,2,146264.352083,336408.397917
7020054,2,146250.789583,336377.204167
7020005,2,146249.76875,336374.85625
6917020,2,144104.247917,331440.158333
6710569,2,139803.185417,321547.714583
6177200,2,128691.33125,295990.45
6091720,2,126910.497917,291894.533333
6090930,2,126894.039583,291856.679167
5710415,2,118966.64375,273623.66875
5693029,2,118604.435417,272790.589583
5691720,2,118577.164583,272727.866667
5691702,2,118576.789583,272727.004167
5671056,2,118146.664583,271737.716667
5609172,2,116857.414583,268772.441667
5609093,2,116855.76875,268768.65625
5505710,2,114701.95625,263814.8875
5477571,2,114115.727083,262466.560417
5477570,2,114115.70625,262466.5125
5477307,2,114110.227083,262453.910417
5477055,2,114104.977083,262441.835417
5477007,2,114103.977083,262439.535417
5475707,2,114076.89375,262377.24375
5407070,2,112646.95625,259088.3875
5302092,2,110459.914583,254058.191667
5155091,2,107397.39375,247014.39375
5057104,2,105355.997917,242319.183333
4773074,2,99438.70625,228709.4125
4770074,2,99376.20625,228565.6625
4710579,2,98136.7270833,225714.860417
4157917,2,86622.9354167,199233.139583
4156917,2,86602.1020833,199185.222917
4110715,2,85639.5604167,196971.377083
4096302,2,85339.2895833,196280.754167
4057104,2,84522.6645833,194402.516667
3021920,2,62956.33125,144799.95
2920450,2,60842.3729167,139937.845833
2920047,2,60833.9770833,139918.535417
17200547,7,358344.39375,824192.49375
72005477,6,1500113.76875,3450262.05625
30209204,6,629358.08125,1447523.975
91720054,5,1910834.12292,4394918.87083
72000547,4,1500011.06042,3450025.82708
20054770,4,417807.372917,960957.345833
20005477,4,416780.435417,958595.389583
93029204,3,1938108.08125,4457648.975
93020920,3,1937935.49792,4457252.03333
72070547,3,1501469.39375,3453379.99375
30292047,3,631083.977083,1451493.53542
30292004,3,631083.08125,1451491.475
30207920,3,629331.33125,1447462.45
20705477,3,431363.76875,992137.05625
17200054,3,358334.122917,824168.870833
95302092,2,1985459.91458,4566558.19167
91720005,2,1910833.10208,4394916.52292
90302920,2,1881310.49792,4327014.53333
76302920,2,1589643.83125,3656181.2
73020792,2,1521266.16458,3498912.56667
72000540,2,1500010.91458,3450025.49167
71569017,2,1491020.85208,3429348.34792
71049302,2,1480193.45625,3404445.3375
71040963,2,1480019.72708,3404045.76042
70720005,2,1473333.10208,3388666.52292
70547757,2,1469744.60208,3380412.97292
70547570,2,1469740.70625,3380404.0125
70207054,2,1462646.62292,3364087.62083
70200054,2,1462500.78958,3363752.20417
69172005,2,1441083.10208,3314491.52292
63029204,2,1313108.08125,3020148.975
63020792,2,1312932.83125,3019745.9
60917200,2,1269107.99792,2918948.78333
56917200,2,1185774.66458,2727282.11667
56917020,2,1185770.91458,2727273.49167
56091720,2,1168577.16458,2687727.86667
55057104,2,1147022.66458,2638152.51667
54773074,2,1141105.37292,2624542.74583
54770074,2,1141042.87292,2624398.99583
53020920,2,1104602.16458,2540585.36667
51550917,2,1073977.10208,2470147.72292
50571041,2,1053563.01875,2423195.33125
40571040,2,845229.664583,1944028.61667
30292045,2,631083.935417,1451493.43958
30219204,2,629566.414583,1448003.14167
29204500,2,608426.747917,1399381.90833
20054777,2,417807.51875,960957.68125
20054773,2,417807.435417,960957.489583
20005470,2,416780.289583,958595.054167
20005407,2,416778.977083,958592.035417
17720054,2,369167.45625,849085.5375
17302079,2,360459.64375,829057.56875
17207054,2,358479.95625,824504.2875
17072000,2,355666.33125,818032.95
17020705,2,354597.685417,815575.064583
17020005,2,354583.102083,815541.522917
15691720,2,326910.497917,751894.533333
15691702,2,326910.122917,751893.670833
15609172,2,325190.747917,747939.108333
14157917,2,294956.26875,678399.80625
11415791,2,237828.64375,547006.26875
11251579,2,234407.560417,539137.777083
11141579,2,232115.89375,533866.94375
11051550,2,230240.289583,529553.054167
10515509,2,219072.76875,503867.75625
10409630,2,216866.95625,498794.3875
9630292,2,200630.747917,461451.108333
9172005,2,191083.102083,439491.522917
7200054,2,150000.789583,345002.204167
7054770,2,146974.039583,338040.679167
5505710,2,114701.95625,263814.8875
5477571,2,114115.727083,262466.560417
5477570,2,114115.70625,262466.5125
5477307,2,114110.227083,262453.910417
5477055,2,114104.977083,262441.835417
5477007,2,114103.977083,262439.535417
5475707,2,114076.89375,262377.24375
5407070,2,112646.95625,259088.3875
5155091,2,107397.39375,247014.39375
4096302,2,85339.2895833,196280.754167
2920470,2,60842.7895833,139938.804167
2920450,2,60842.3729167,139937.845833
2920047,2,60833.9770833,139918.535417
2092041,2,43583.8520833,100243.247917
2092040,2,43583.83125,100243.2
2070547,2,43136.0604167,99213.3270833
2000547,2,41677.7270833,95859.1604167
547757,2,11411.26875,26246.30625
547730,2,11410.70625,26245.0125
547707,2,11410.2270833,26243.9104167
547070,2,11396.95625,26213.3875
540707,2,11264.39375,25908.49375
54775,2,1140.81041667,2624.25208333
54707,2,1139.39375,2620.99375
54070,2,1126.12291667,2590.47083333
99630207,1,2075628.97708,4773947.03542
97630292,1,2033964.08125,4678117.775
97617020,1,2033687.58125,4677481.825
97050576,1,2021886.66458,4650339.71667
97000111,1,2020835.31042,4647921.60208
917200547,5,19108344.3938,43949192.4937
172005477,4,3583447.10208,8241928.72292
930209204,3,19379358.0813,44572523.975
720054770,3,15001140.7062,34502624.0125
953020920,2,19854602.1646,45665585.3667
930292047,2,19381083.9771,44576493.5354
720705477,2,15014697.1021,34533803.7229
720054773,2,15001140.7687,34502624.1562
720005470,2,15000113.6229,34500261.7208
710409630,2,14800200.2896,34040461.0542
707200054,2,14733334.1229,33886668.8708
702070547,2,14626469.3937,33640879.9937
691720054,2,14410834.1229,33144918.8708
560917200,2,11685774.6646,26877282.1167
550571041,2,11470229.6854,26381528.6646
530209204,2,11046024.7479,25405857.3083
302920470,2,6310842.78958,14514938.8042
302920450,2,6310842.37292,14514937.8458
302920047,2,6310833.97708,14514918.5354
302092041,2,6293583.85208,14475243.2479
302092040,2,6293583.83125,14475243.2
207054770,2,4313640.70625,9921374.0125
200547730,2,4178077.37292,9609578.34583
200054707,2,4167806.06042,9585954.32708
173020792,2,3604599.49792,8290579.23333
172070547,2,3584802.72708,8245046.66042
172000547,2,3583344.39375,8241692.49375
170720005,2,3556666.43542,8180333.18958
170207054,2,3545979.95625,8155754.2875
156917200,2,3269107.99792,7518948.78333
156917020,2,3269104.24792,7518940.15833
156091720,2,3251910.49792,7479394.53333
114157917,2,2378289.60208,5470066.47292
111415791,2,2321161.97708,5338672.93542
110515509,2,2302406.10208,5295534.42292
105155091,2,2190730.72708,5038681.06042
104096302,2,2168672.62292,4987947.42083
91720054,2,1910834.12292,4394918.87083
72000547,2,1500011.06042,3450025.82708
55057104,2,1147022.66458,2638152.51667
54773074,2,1141105.37292,2624542.74583
54770074,2,1141042.87292,2624398.99583
51550917,2,1073977.10208,2470147.72292
29204500,2,608426.747917,1399381.90833
5477307,2,114110.227083,262453.910417
547070,2,11396.95625,26213.3875
996302079,1,20756292.9771,47739474.2354
976302920,1,20339643.8313,46781181.2
970505767,1,20218869.8104,46503400.9521
970001114,1,20208356.2063,46479219.6625
963029220,1,20063108.4146,46145149.7417
963029204,1,20063108.0813,46145148.975
963021920,1,20062956.3313,46144799.95
963020923,1,20062935.5604,46144752.1771
963020792,1,20062932.8313,46144745.9
961772005,1,20036916.4354,46084908.1896
961722005,1,20035874.7688,46082512.3562
961720705,1,20035847.6854,46082450.0646
961702070,1,20035459.4563,46081557.1375
960170200,1,20003545.4979,46008155.0333
959302920,1,19985477.1646,45966597.8667
951720054,1,19827500.7896,45603252.2042
951720005,1,19827499.7688,45603249.8562
951707200,1,19827232.9979,45602636.2833
947109090,1,19731439.0396,45382310.1792
940302927,1,19589643.9771,45056181.5354
930292045,1,19381083.9354,44576493.4396
930292004,1,19381083.0813,44576491.475
930279204,1,19380816.4146,44575878.1417
930261707,1,19380451.8938,44575039.7437
927045027,1,19313437.7271,44420907.1604
927040730,1,19313348.2063,44420701.2625
923047105,1,19230147.6854,44229340.0646
923041009,1,19230020.6854,44229047.9646
922005477,1,19208447.1021,44179428.7229
922000547,1,19208344.3938,44179192.4937
920497000,1,19177020.4979,44107147.5333
920477727,1,19176618.9771,44106224.0354
920475026,1,19176562.7063,44106094.6125
920470547,1,19176469.3938,44105879.9937
920470501,1,19176468.4354,44105877.7896
920470457,1,19176467.5188,44105875.6812
920470271,1,19176463.6438,44105866.7687
920450067,1,19176042.7271,44104898.6604
920450045,1,19176042.2688,44104897.6062
920415001,1,19175312.1854,44103218.4146
920410455,1,19175217.4771,44103000.5854
920410400,1,19175216.3313,44102997.95
920407004,1,19175145.5813,44102835.225
920405700,1,19175118.4146,44102772.7417
920400551,1,19175011.1438,44102526.0187
920400541,1,19175010.9354,44102525.5396
920047500,1,19167655.9146,44085608.9917
920047054,1,19167646.6229,44085587.6208
920040560,1,19167511.3313,44085276.45
917720705,1,19119181.0188,43974116.7312
917720105,1,19119168.5188,43974087.9812
917630292,1,19117297.4146,43969784.4417
917302079,1,19110459.6438,43954057.5687
917200730,1,19108348.2063,43949201.2625
9172005477,3,191083447.102,439491928.723
9530209204,2,198546024.748,456655857.308
9302920470,2,193810842.79,445764938.804
7200547730,2,150011410.706,345026245.012
7200054707,2,150001139.394,345002620.994
7072000547,2,147333344.394,338866692.494
2005477307,2,41780776.8937,96095787.2437
2000547070,2,41678063.6229,95859546.7208
1720054773,2,35834474.1021,82419290.8229
1720054770,2,35834474.0396,82419290.6792
1707200054,2,35566667.4562,81803335.5375
1702070547,2,35459802.7271,81557546.6604
1560917200,2,32519107.9979,74793948.7833
1114157917,2,23211622.9354,53386733.1396
1105155091,2,23024064.0604,52955347.7271
1051550917,2,21907310.4354,50386814.3896
917200547,2,19108344.3938,43949192.4937
54773074,2,1141105.37292,2624542.74583
9963020792,1,207562932.831,477394745.9
9763029204,1,203396441.415,467811815.642
9705057671,1,202188701.144,465034013.019
9700011141,1,202083565.102,464792200.123
9630292200,1,200631087.165,461451500.867
9630292047,1,200631083.977,461451493.535
9630219204,1,200629566.415,461448003.142
9630207927,1,200629331.477,461447462.785
9617720054,1,200369167.456,460849085.537
9617220054,1,200358750.79,460825127.204
9617020705,1,200354597.685,460815575.065
9601702009,1,200035458.185,460081554.215
9593029200,1,199854774.665,459665982.117
9517200547,1,198275011.06,456032525.827
9517200054,1,198275000.79,456032502.204
9517072000,1,198272332.998,456026366.283
9471090906,1,197314393.54,453823105.529
9403029270,1,195896442.79,450561818.804
9302920450,1,193810842.373,445764937.846
9302920040,1,193810833.831,445764918.2
9302792047,1,193808167.31,445758785.202
9302617072,1,193804521.998,445750400.983
9302092049,1,193793584.019,445725243.631
9302092047,1,193793583.977,445725243.535
9302092040,1,193793583.831,445725243.2
9270450271,1,193134380.31,444209075.102
9270407307,1,193133485.227,444207016.41
9230471056,1,192301479.998,442293404.383
9220054777,1,192084474.185,441794291.015
9220005477,1,192083447.102,441791928.723
9204970001,1,191770208.019,441071478.831
9204777275,1,191766192.894,441062244.044
9204750264,1,191765630.165,441060949.767
9204705477,1,191764697.102,441058803.723
9204705011,1,191764687.394,441058781.394
9204704571,1,191764678.227,441058760.31
9204702711,1,191764639.477,441058671.185
9204500455,1,191760425.81,441048979.752
9204150011,1,191753124.894,441032187.644
9204104551,1,191752177.81,441030009.352
9204104006,1,191752166.456,441029983.237
9204070045,1,191751458.935,441028355.94
9204057005,1,191751187.269,441027731.106
9204005511,1,191750114.477,441025263.685
9204005411,1,191750112.394,441025258.894
9200475000,1,191676562.165,440856093.367
9200470547,1,191676469.394,440855879.994
9200405601,1,191675116.352,440852767.998
9177207054,1,191191813.29,439741170.954
9177201054,1,191191688.29,439740883.454
9176302920,1,191172977.165,439697847.867
9173020792,1,191104599.498,439540579.233
9172007305,1,191083485.185,439492016.315
9172005479,1,191083447.144,439491928.819
9172000547,1,191083344.394,439491692.494
9170720005,1,191056666.435,439430333.19
9170207054,1,191045979.956,439405754.287
9170200054,1,191045834.123,439405418.871
9156710569,1,190764803.185,438759047.715
9096302920,1,189506310.498,435864514.533
9093020920,1,189437935.498,435707252.033
9091720054,1,189410834.123,435644918.871
9090617720,1,189387868.831,435592098.7
9075347107,1,189069731.06,434860381.827
9061772000,1,188786916.331,434209907.95
9061117170,1,188773274.04,434178530.679
9030292004,1,188131083.081,432701491.475
9030209204,1,188129358.081,432697523.975
9030201730,1,188129202.373,432697165.846
9017720054,1,187869167.456,432099085.537
9017207054,1,187858479.956,432074504.287
9006041110,1,187625856.123,431539469.471
7996302079,1,166589626.31,383156140.902
7970505767,1,166052203.144,381920067.619
7961722005,1,165869208.102,381499179.023
7961702070,1,165868792.79,381498223.804
7960170200,1,165836878.831,381424821.7
7951720005,1,165660833.102,381019916.523
7927040730,1,165146681.54,379837367.929
7923047105,1,165063481.019,379646006.731
7920470457,1,165009800.852,379522542.348
7920410455,1,165008550.81,379519667.252
91720054773,2,1910834474.1,4394919290.82
72005477307,2,1500114110.23,3450262453.91
72000547070,2,1500011396.96,3450026213.39
20054773074,2,417807772.04,960957876.079
17200547730,2,358344744.04,824192911.679
17072000547,2,355666677.727,818033359.16
11051550917,2,230240643.769,529553481.056
99630207927,1,2075629331.48,4773947462.79
97630292040,1,2033964417.16,4678118159.87
97050576710,1,2021887014.46,4650340133.64
96302922000,1,2006310874.66,4614515012.12
96302920477,1,2006310842.94,4614514939.14
96302079270,1,2006293317.79,4614474631.3
96177200540,1,2003691677.58,4608490858.82
96172200547,1,2003587511.06,4608251275.83
96170207054,1,2003545979.96,4608155754.29
96017020092,1,2000354584.91,4600815545.69
95930292004,1,1998547749.75,4596659824.81
95302092041,1,1985460250.52,4566558576.58
95302092040,1,1985460250.5,4566558576.53
95172005477,1,1982750113.77,4560325262.06
95172000547,1,1982750011.06,4560325025.83
95170720005,1,1982723333.1,4560263666.52
94710909061,1,1973143938.44,4538231058.79
94030292704,1,1958964431.0,4505618191.68
93029204705,1,1938108431.02,4457649391.73
93029204702,1,1938108430.96,4457649391.59
93029204500,1,1938108426.75,4457649381.91
93029200405,1,1938108341.44,4457649185.69
93027920470,1,1938081676.12,4457587855.47
93026170722,1,1938045223.04,4457504013.38
93020920475,1,1937935842.89,4457252439.04
93020920400,1,1937935841.33,4457252435.45
92704502711,1,1931343806.14,4442090754.52
92704073074,1,1931334855.37,4442070167.75
92304710564,1,1923014803.08,4422934047.47
92200547773,1,1920844744.94,4417942913.74
92200054770,1,1920834474.04,4417919290.68
92047772755,1,1917661932.06,4410622444.13
92047502641,1,1917656304.69,4410609501.16
92047050110,1,1917646876.96,4410587817.39
92047045711,1,1917646785.31,4410587606.6
92047027111,1,1917646397.81,4410586715.35
92045004551,1,1917604261.14,4410489801.02
92041500112,1,1917531252.0,4410321879.98
92041045511,1,1917521781.14,4410300097.02
92041040067,1,1917521667.73,4410299836.16
92040700456,1,1917514592.5,4410283563.13
92040570055,1,1917511875.81,4410277314.75
92040055110,1,1917501147.79,4410252640.3
92040054111,1,1917501126.98,4410252592.44
92004750000,1,1916765624.66,4408560937.12
92004705470,1,1916764696.96,4408558803.39
92004056011,1,1916751166.56,4408527683.48
91763029200,1,1911729774.66,4396978482.12
91730207920,1,1911045998.0,4395405795.78
91720073054,1,1910834854.96,4394920166.79
91720054790,1,1910834474.46,4394919291.64
91720054770,1,1910834474.04,4394919290.68
91720005470,1,1910833446.96,4394916928.39
91707200054,1,1910566667.46,4394303335.54
91702070547,1,1910459802.73,4394057546.66
91702000547,1,1910458344.39,4394054192.49
91567105693,1,1907648034.94,4387590480.74
90963029204,1,1895063108.08,4358645148.97
90930209204,1,1894379358.08,4357072523.97
90917200547,1,1894108344.39,4356449192.49
90906177200,1,1893878691.33,4355920990.45
90753471079,1,1890697313.81,4348603822.15
90617720005,1,1887869166.44,4342099083.19
90302920047,1,1881310833.98,4327014918.54
90302092041,1,1881293583.85,4326975243.25
90302017302,1,1881292026.79,4326971662.0
90177200547,1,1878691677.73,4320990859.16
90172070547,1,1878584802.73,4320745046.66
90060411101,1,1876258564.27,4315394698.21
79963020792,1,1665896266.16,3831561412.57
79705057671,1,1660522034.48,3819200679.69
79617220054,1,1658692084.12,3814991793.87
79617020705,1,1658687931.02,3814982241.73
79601702009,1,1658368791.52,3814248220.88
79517200054,1,1656608334.12,3810199168.87
79270407307,1,1651466818.56,3798373683.08
79230471056,1,1650634813.33,3796460071.05
79204704571,1,1650098011.56,3795225426.98
79204104551,1,1650085511.14,3795196676.02
79173020792,1,1649437932.83,3793707245.9
79172005477,1,1649416780.44,3793658595.39
79170720005,1,1649389999.77,3793596999.86
79075347107,1,1647403064.39,3789027048.49
79030292004,1,1646464416.41,3786868158.14
79030201730,1,1646462535.71,3786863832.51
77754007104,1,1619875147.66,3725712840.02
77730671094,1,1619388980.79,3724594656.2
77727555507,1,1619324072.73,3724445367.66
77571357111,1,1616069939.48,3716960861.19
77570629471,1,1616054780.31,3716925995.1
77540071040,1,1615418146.33,3715461736.95
77307440571,1,1610571678.23,3704314860.31
77307429061,1,1610571438.44,3704314308.79
996302079270,1,20756293317.8,47739474631.3
976302920400,1,20339644174.7,46781181602.1
970505767104,1,20218870147.7,46503401340.0
963029204777,1,20063108432.5,46145149395.2
963020792704,1,20062933181.0,46144746316.7
961772005404,1,20036916778.9,46084908591.9
961722005479,1,20035875113.8,46082512762.2
961702070547,1,20035459802.7,46081557546.7
960170200920,1,20003545852.2,46008155460.4
959302920040,1,19985477500.5,45966598251.5
953020920415,1,19854602508.3,45665585769.5
951720054770,1,19827501140.7,45603252624.0
951720005471,1,19827500113.6,45603250261.8
951707200054,1,19827233334.1,45602636668.9
947109090617,1,19731439387.5,45382310591.7
940302927045,1,19589644313.1,45056181920.5
930292047050,1,19381084313.2,44576493920.8
930292047027,1,19381084312.7,44576493919.7
930292045004,1,19381084270.6,44576493822.7
930292004056,1,19381083417.5,44576491860.6
930279204704,1,19380816764.3,44575878558.3
930261707220,1,19380452233.4,44575040137.2
930209204750,1,19379358432.0,44572524393.9
930209204005,1,19379358416.4,44572524358.2
927045027111,1,19313438064.5,44420907548.7
927040730744,1,19313348556.8,44420701681.1
923047105640,1,19230148033.8,44229340478.2
922005477730,1,19208447452.4,44179429140.8
920477727555,1,19176619323.7,44106224445.0
920475026411,1,19176563049.9,44106095015.1
920470501107,1,19176468772.7,44105878177.7
920470457111,1,19176467856.1,44105876069.5
920470271115,1,19176463981.2,44105867157.2
920450045511,1,19176042614.5,44104898013.7
920415001125,1,19175312523.1,44103218803.5
920410455112,1,19175217814.5,44103000973.7
920410400671,1,19175216680.3,44102998365.1
920405700550,1,19175118761.1,44102773151.0
920400551107,1,19175011481.1,44102526406.8
920400541115,1,19175011272.9,44102525928.0
920047500005,1,19167656249.8,44085609374.9
920047054705,1,19167646972.7,44085588037.6
920040560110,1,19167511668.6,44085276838.2
917630292004,1,19117297749.7,43969784824.8
917302079204,1,19110459983.1,43954057961.5
917200730547,1,19108348552.7,43949201671.7
917200547907,1,19108344747.7,43949192920.2
917200547730,1,19108344744.0,43949192911.7
917200547700,1,19108344743.4,43949192910.2
917200054707,1,19108334472.7,43949169287.7
917072000547,1,19105666677.7,43943033359.2
917020705472,1,19104598030.3,43940575470.2
917020005477,1,19104583447.1,43940541928.7
915671056930,1,19076480352.4,43875904810.8
909630292047,1,18950631084.0,43586451493.5
909302092040,1,18943793583.8,43570725243.2
909172005477,1,18941083447.1,43564491928.7
909061772000,1,18938786916.3,43559209907.9
907534710790,1,18906973141.1,43486038225.0
906177200054,1,18878691667.5,43420990835.5
903029200475,1,18813108342.9,43270149189.0
903020920410,1,18812935841.5,43269752435.9
903020173020,1,18812920270.9,43269716623.5
901772005477,1,18786916780.4,43209908595.4
901720705475,1,18785848030.4,43207450470.3
900604111015,1,18762585645.8,43153946985.8
799630207927,1,16658962664.8,38315614129.5
797050576710,1,16605220347.8,38192006800.3
796172200547,1,16586920844.4,38149917942.5
796170207054,1,16586879313.3,38149822421.0
796017020092,1,16583687918.2,38142482212.4
795172000547,1,16566083344.4,38101991692.5
792704073074,1,16514668188.7,37983736834.4
792304710564,1,16506348136.4,37964600714.1
792047045711,1,16500980118.6,37952254273.3
792041045511,1,16500855114.5,37951966763.7
791730207920,1,16494379331.3,37937072462.4
791707200054,1,16493900000.8,37935970002.2
790753471079,1,16474030647.1,37890270488.8
790302920047,1,16464644167.3,37868681585.2
790302017302,1,16464625360.1,37868638328.7
777540071040,1,16198751479.7,37257128403.6
777306710940,1,16193889810.9,37245946565.5
777275555071,1,16193240730.3,37244453680.1
775713571111,1,16160699397.8,37169608615.4
775706294710,1,16160547806.1,37169259954.5
775400710409,1,16154181466.5,37154617373.4
773074405710,1,16105716785.3,37043148606.6
773067109403,1,16105564778.9,37042798991.8
772755550710,1,16099073972.8,37027870137.8
772005477064,1,16083447438.5,36991929108.9
772005404900,1,16083445935.1,36991925651.1
772000540707,1,16083344597.7,36991692575.2
771093029204,1,16064438108.1,36948207649.0
770750171120,1,16057295231.3,36931779032.4
770640571040,1,16055011896.3,36926527361.9
770074110156,1,16043210627.9,36899384444.6
770015561105,1,16041990856.0,36896578969.2
767104009091,1,15981333522.4,36757067101.9
763029204005,1,15896441749.8,36561816024.9
9963020792704,1,2.07562933181e+11,4.77394746317e+11
9763029204005,1,2.0339644175e+11,4.67811816025e+11
9705057671040,1,2.0218870148e+11,4.65034013404e+11
9630292047772,1,2.00631084328e+11,4.61451493955e+11
9630207927040,1,2.00629331813e+11,4.6144746317e+11
9617720054049,1,2.00369167792e+11,4.60849085923e+11
9617220054797,1,2.00358751141e+11,4.60825127625e+11
9617020705477,1,2.0035459803e+11,4.6081557547e+11
9601702009204,1,2.00035458525e+11,4.60081554607e+11
9593029200405,1,1.99854775008e+11,4.59665982519e+11
9517200547707,1,1.9827501141e+11,4.56032526244e+11
9517200054710,1,1.98275001139e+11,4.56032502621e+11
9517072000547,1,1.98272333344e+11,4.56026366692e+11
9471090906177,1,1.97314393878e+11,4.53823105921e+11
9403029270450,1,1.95896443134e+11,4.50561819209e+11
9302920470501,1,1.93810843135e+11,4.45764939211e+11
9302920470271,1,1.9381084313e+11,4.457649392e+11
9302920450045,1,1.93810842709e+11,4.45764938231e+11
9302920040560,1,1.93810834178e+11,4.4576491861e+11
9302792047045,1,1.93808167646e+11,4.45758785587e+11
9302617072209,1,1.93804522337e+11,4.45750401376e+11
9302092047502,1,1.93793584323e+11,4.45725243942e+11
9302092040055,1,1.93793584167e+11,4.45725243586e+11
9270450271111,1,1.93134380648e+11,4.4420907549e+11
9270407307440,1,1.93133485571e+11,4.44207016814e+11
9230471056401,1,1.92301480341e+11,4.42293404785e+11
9220054777306,1,1.92084474527e+11,4.41794291412e+11
9204777275555,1,1.9176619324e+11,4.41062244453e+11
9204750264112,1,1.91765630502e+11,4.41060950155e+11
9204705011071,1,1.9176468773e+11,4.4105878178e+11
9204704571115,1,1.91764678565e+11,4.41058760699e+11
9204702711156,1,1.91764639815e+11,4.41058671576e+11
9204500455110,1,1.91760426148e+11,4.4104898014e+11
9204104006710,1,1.91752166806e+11,4.41029983654e+11
9204057005505,1,1.91751187614e+11,4.41027731513e+11
9204005511071,1,1.91750114814e+11,4.41025264072e+11
9204005411151,1,1.91750112732e+11,4.41025259284e+11
9200475000057,1,1.91676562501e+11,4.40856093752e+11
9200470547054,1,1.9167646973e+11,4.40855880379e+11
9200405601105,1,1.91675116689e+11,4.40852768386e+11
9176302920047,1,1.91172977501e+11,4.39697848252e+11
9172007305477,1,1.9108348553e+11,4.3949201672e+11
9172005479075,1,1.9108344748e+11,4.39491929205e+11
9172005477307,1,1.91083447444e+11,4.39491929121e+11
9172005477007,1,1.91083447437e+11,4.39491929106e+11
9172000547070,1,1.9108334473e+11,4.3949169288e+11
9170207054720,1,1.91045980306e+11,4.39405754705e+11
9170200054775,1,1.91045834474e+11,4.39405419291e+11
9156710569302,1,1.90764803527e+11,4.38759048112e+11
9096302920477,1,1.89506310843e+11,4.35864514939e+11
9093020920400,1,1.89437935841e+11,4.35707252435e+11
9091720054773,1,1.89410834474e+11,4.35644919291e+11
9090617720005,1,1.89387869166e+11,4.35592099083e+11
9075347107903,1,1.89069731414e+11,4.34860382253e+11
9061772000540,1,1.88786916678e+11,4.34209908359e+11
9030292004750,1,1.88131083432e+11,4.32701491894e+11
9030209204104,1,1.88129358418e+11,4.32697524363e+11
9030201730207,1,1.88129202712e+11,4.32697166239e+11
9017720054770,1,1.87869167807e+11,4.32099085957e+11
9017207054757,1,1.87858480307e+11,4.32074504707e+11
9006041110155,1,1.87625856461e+11,4.31539469861e+11
7996302079270,1,1.66589626651e+11,3.83156141298e+11
7970505767104,1,1.66052203481e+11,3.81920068007e+11
7961722005479,1,1.65869208447e+11,3.81499179429e+11
7961702070547,1,1.65868793136e+11,3.81498224213e+11
7960170200920,1,1.65836879185e+11,3.81424822127e+11
7951720005471,1,1.65660833447e+11,3.81019916928e+11
7927040730744,1,1.6514668189e+11,3.79837368348e+11
7923047105640,1,1.65063481367e+11,3.79646007145e+11
7920470457111,1,1.65009801189e+11,3.79522542736e+11
7907534710790,1,1.64740306474e+11,3.78902704892e+11
7903029200475,1,1.64646441676e+11,3.78686815856e+11
7903020173020,1,1.64646253604e+11,3.7868638329e+11
7775400710409,1,1.619875148e+11,3.7257128404e+11
7773067109403,1,1.61938898112e+11,3.72459465659e+11
7772755550710,1,1.61932407306e+11,3.72444536804e+11
7757135711115,1,1.61606993981e+11,3.71696086157e+11
7757062947109,1,1.61605478064e+11,3.71692599549e+11
7754007104097,1,1.61541814668e+11,3.71546173738e+11
7730744057104,1,1.61057167856e+11,3.70431486069e+11
7730671094030,1,1.61055647792e+11,3.70427989922e+11
7727555507105,1,1.60990739731e+11,3.70278701382e+11
7720054770640,1,1.60834474388e+11,3.69919291093e+11
7720054049006,1,1.60834459354e+11,3.69919256514e+11
7720005407070,1,1.6083344598e+11,3.69916925755e+11
7710930292045,1,1.60644381084e+11,3.69482076493e+11
7707501711201,1,1.60572952316e+11,3.69317790328e+11
7706405710409,1,1.60550118967e+11,3.69265273623e+11
7700741101560,1,1.60432106282e+11,3.68993844449e+11
7700155611051,1,1.60419908563e+11,3.68965789696e+11
7671040090917,1,1.59813335227e+11,3.67570671023e+11
7630292040054,1,1.58964417501e+11,3.65618160252e+11
7630292004705,1,1.58964416764e+11,3.65618158558e+11
7571357111157,1,1.57736606482e+11,3.62794194909e+11
7570711015691,1,1.5772314616e+11,3.62763236168e+11
7570629471090,1,1.57721447314e+11,3.62759328823e+11
7570441471057,1,1.57717530647e+11,3.62750320488e+11
7555507105790,1,1.57406398037e+11,3.62034715485e+11
7540071040976,1,1.57084813353e+11,3.61295070713e+11
7534710790302,1,1.56973141464e+11,3.61038225368e+11
97630292040054,1,2.0339644175e+12,4.67811816025e+12
97050576710400,1,2.0218870148e+12,4.65034013404e+12
96302920477727,1,2.00631084329e+12,4.61451493956e+12
96177200540490,1,2.00369167793e+12,4.60849085923e+12
96172200547970,1,2.00358751142e+12,4.60825127626e+12
96170207054775,1,2.00354598031e+12,4.60815575471e+12
96017020092040,1,2.00035458525e+12,4.60081554608e+12
95930292004056,1,1.99854775008e+12,4.59665982519e+12
95172005477075,1,1.98275011411e+12,4.56032526244e+12
95170720005470,1,1.98272333345e+12,4.56026366693e+12
94710909061772,1,1.97314393879e+12,4.53823105921e+12
94030292704502,1,1.95896443134e+12,4.50561819209e+12
93029204705011,1,1.93810843135e+12,4.45764939211e+12
93029204702711,1,1.93810843131e+12,4.457649392e+12
93029204500455,1,1.93810842709e+12,4.45764938231e+12
93029200405601,1,1.93810834178e+12,4.4576491861e+12
93027920470457,1,1.93808167647e+12,4.45758785588e+12
93026170722092,1,1.93804522338e+12,4.45750401377e+12
93020920475026,1,1.93793584323e+12,4.45725243943e+12
93020920400551,1,1.93793584168e+12,4.45725243586e+12
92704502711115,1,1.93134380648e+12,4.44209075491e+12
92304710564011,1,1.92301480342e+12,4.42293404786e+12
92200547773067,1,1.92084474527e+12,4.41794291413e+12
92047772755550,1,1.91766193241e+12,4.41062244454e+12
92047050110715,1,1.91764687731e+12,4.4105878178e+12
92047045711151,1,1.91764678565e+12,4.41058760699e+12
92047027111569,1,1.91764639816e+12,4.41058671576e+12
92045004551105,1,1.91760426148e+12,4.41048980141e+12
92041040067104,1,1.91752166806e+12,4.41029983655e+12
92040570055057,1,1.91751187615e+12,4.41027731514e+12
92040055110715,1,1.91750114814e+12,4.41025264072e+12
92040054111515,1,1.91750112732e+12,4.41025259284e+12
92004750000571,1,1.91676562501e+12,4.40856093753e+12
92004705470547,1,1.9167646973e+12,4.4085588038e+12
92004056011051,1,1.9167511669e+12,4.40852768386e+12
91763029200470,1,1.91172977501e+12,4.39697848252e+12
91720073054770,1,1.91083485531e+12,4.39492016721e+12
91720054790753,1,1.91083447481e+12,4.39491929206e+12
91720054773074,1,1.91083447444e+12,4.39491929121e+12
91720054770074,1,1.91083447438e+12,4.39491929107e+12
91720005470706,1,1.91083344731e+12,4.3949169288e+12
91702070547200,1,1.91045980307e+12,4.39405754705e+12
91702000547757,1,1.91045834474e+12,4.39405419291e+12
91567105693029,1,1.90764803527e+12,4.38759048112e+12
90963029204777,1,1.89506310843e+12,4.3586451494e+12
90930209204005,1,1.89437935842e+12,4.35707252436e+12
90917200547730,1,1.89410834474e+12,4.35644919291e+12
90906177200054,1,1.89387869167e+12,4.35592099084e+12
90753471079030,1,1.89069731415e+12,4.34860382254e+12
90617720005407,1,1.88786916678e+12,4.34209908359e+12
90302920047500,1,1.88131083432e+12,4.32701491894e+12
90302092041040,1,1.88129358419e+12,4.32697524363e+12
90302017302079,1,1.88129202713e+12,4.32697166239e+12
90177200547706,1,1.87869167808e+12,4.32099085958e+12
90172070547570,1,1.87858480307e+12,4.32074504707e+12
90060411101557,1,1.87625856462e+12,4.31539469862e+12
79705057671040,1,1.66052203481e+12,3.81920068007e+12
79617220054797,1,1.65869208447e+12,3.81499179429e+12
79617020705477,1,1.65868793136e+12,3.81498224214e+12
79601702009204,1,1.65836879186e+12,3.81424822127e+12
79230471056401,1,1.65063481367e+12,3.79646007145e+12
79204704571115,1,1.6500980119e+12,3.79522542737e+12
79075347107903,1,1.64740306475e+12,3.78902704892e+12
79030292004750,1,1.64646441677e+12,3.78686815856e+12
79030201730207,1,1.64646253605e+12,3.78686383291e+12
77754007104097,1,1.619875148e+12,3.7257128404e+12
77730671094030,1,1.61938898113e+12,3.72459465659e+12
77727555507105,1,1.61932407306e+12,3.72444536805e+12
77571357111157,1,1.61606993982e+12,3.71696086158e+12
77570629471090,1,1.61605478065e+12,3.71692599549e+12
77540071040976,1,1.61541814669e+12,3.71546173738e+12
77307440571040,1,1.61057167856e+12,3.7043148607e+12
77306710940302,1,1.61055647792e+12,3.70427989922e+12
77275555071057,1,1.60990739731e+12,3.70278701382e+12
77200547706405,1,1.60834474388e+12,3.69919291093e+12
77200540490060,1,1.60834459354e+12,3.69919256515e+12
77200054070705,1,1.60833445981e+12,3.69916925755e+12
77109302920450,1,1.60644381084e+12,3.69482076494e+12
77075017112015,1,1.60572952317e+12,3.69317790328e+12
77064057104093,1,1.60550118967e+12,3.69265273624e+12
77007411015609,1,1.60432106282e+12,3.6899384445e+12
77001556110515,1,1.60419908564e+12,3.68965789696e+12
76710400909172,1,1.59813335227e+12,3.67570671023e+12
76302920400541,1,1.58964417501e+12,3.65618160253e+12
76302920047054,1,1.58964416765e+12,3.65618158559e+12
75713571111579,1,1.57736606482e+12,3.6279419491e+12
75707110156917,1,1.5772314616e+12,3.62763236169e+12
75706294710909,1,1.57721447314e+12,3.62759328823e+12
75704414710571,1,1.57717530647e+12,3.62750320488e+12
75555071057903,1,1.57406398037e+12,3.62034715486e+12
75400710409763,1,1.57084813354e+12,3.61295070713e+12
75347107903029,1,1.56973141465e+12,3.61038225369e+12
75017112015796,1,1.56285650033e+12,3.59456995076e+12
75000057110515,1,1.5625011898e+12,3.59375273655e+12
74405710400930,1,1.55011896669e+12,3.56527362338e+12
74110156091567,1,1.54396158524e+12,3.55111164605e+12
73074405710400,1,1.5223834523e+12,3.50148194029e+12
73067109403029,1,1.5222314459e+12,3.50113232556e+12
73054770015561,1,1.52197437532e+12,3.50054106325e+12
73020792304710,1,1.52126650635e+12,3.4989129646e+12
976302920400541,1,2.0339644175e+13,4.67811816025e+13
970505767104009,1,2.0218870148e+13,4.65034013404e+13
963029204777275,1,2.00631084329e+13,4.61451493956e+13
961772005404900,1,2.00369167793e+13,4.60849085923e+13
961722005479705,1,2.00358751142e+13,4.60825127626e+13
961702070547757,1,2.00354598031e+13,4.60815575471e+13
960170200920405,1,2.00035458525e+13,4.60081554608e+13
959302920040560,1,1.99854775008e+13,4.59665982519e+13
951720054770750,1,1.98275011411e+13,4.56032526244e+13
951707200054707,1,1.98272333345e+13,4.56026366693e+13
947109090617720,1,1.97314393879e+13,4.53823105921e+13
940302927045027,1,1.95896443134e+13,4.50561819209e+13
930292047050110,1,1.93810843135e+13,4.45764939212e+13
930292047027111,1,1.93810843131e+13,4.457649392e+13
930292045004551,1,1.93810842709e+13,4.45764938231e+13
930292004056011,1,1.93810834178e+13,4.4576491861e+13
930279204704571,1,1.93808167647e+13,4.45758785588e+13
930261707220922,1,1.93804522338e+13,4.45750401377e+13
930209204005511,1,1.93793584168e+13,4.45725243586e+13
927045027111156,1,1.93134380648e+13,4.44209075491e+13
923047105640110,1,1.92301480342e+13,4.42293404786e+13
922005477730671,1,1.92084474527e+13,4.41794291413e+13
920477727555507,1,1.91766193241e+13,4.41062244454e+13
920470501107156,1,1.91764687731e+13,4.41058781781e+13
920470457111517,1,1.91764678565e+13,4.41058760699e+13
920470271115695,1,1.91764639816e+13,4.41058671576e+13
920450045511057,1,1.91760426148e+13,4.41048980141e+13
920400551107156,1,1.91750114814e+13,4.41025264072e+13
920400541115157,1,1.91750112732e+13,4.41025259284e+13
920047500005711,1,1.91676562501e+13,4.40856093753e+13
920047054705475,1,1.9167646973e+13,4.4085588038e+13
920040560110515,1,1.9167511669e+13,4.40852768386e+13
917630292004705,1,1.91172977501e+13,4.39697848252e+13
917200730547700,1,1.91083485531e+13,4.39492016721e+13
917200547907534,1,1.91083447481e+13,4.39491929206e+13
917200547730744,1,1.91083447444e+13,4.39491929121e+13
917200547700741,1,1.91083447438e+13,4.39491929107e+13
917200054707060,1,1.91083344731e+13,4.3949169288e+13
917020705472005,1,1.91045980307e+13,4.39405754705e+13
917020005477570,1,1.91045834474e+13,4.39405419291e+13
915671056930292,1,1.90764803527e+13,4.38759048112e+13
909630292047772,1,1.89506310843e+13,4.3586451494e+13
909302092040055,1,1.89437935842e+13,4.35707252436e+13
909172005477307,1,1.89410834474e+13,4.35644919291e+13
909061772000540,1,1.89387869167e+13,4.35592099084e+13
907534710790302,1,1.89069731415e+13,4.34860382254e+13
906177200054070,1,1.88786916678e+13,4.34209908359e+13
903029200475000,1,1.88131083432e+13,4.32701491894e+13
903020173020792,1,1.88129202713e+13,4.32697166239e+13
901772005477064,1,1.87869167808e+13,4.32099085958e+13
901720705475707,1,1.87858480307e+13,4.32074504707e+13
900604111015571,1,1.87625856462e+13,4.31539469862e+13
797050576710400,1,1.66052203481e+13,3.81920068007e+13
796172200547970,1,1.65869208447e+13,3.81499179429e+13
796170207054775,1,1.65868793136e+13,3.81498224214e+13
796017020092040,1,1.65836879186e+13,3.81424822127e+13
792304710564011,1,1.65063481367e+13,3.79646007145e+13
792047045711151,1,1.6500980119e+13,3.79522542737e+13
790753471079030,1,1.64740306475e+13,3.78902704892e+13
790302920047500,1,1.64646441677e+13,3.78686815856e+13
790302017302079,1,1.64646253605e+13,3.78686383291e+13
777540071040976,1,1.619875148e+13,3.7257128404e+13
777306710940302,1,1.61938898113e+13,3.72459465659e+13
777275555071057,1,1.61932407306e+13,3.72444536805e+13
775713571111579,1,1.61606993982e+13,3.71696086158e+13
775706294710909,1,1.61605478065e+13,3.71692599549e+13
775400710409763,1,1.61541814669e+13,3.71546173738e+13
773074405710400,1,1.61057167856e+13,3.7043148607e+13
773067109403029,1,1.61055647792e+13,3.70427989922e+13
772755550710579,1,1.60990739731e+13,3.70278701382e+13
772005477064057,1,1.60834474388e+13,3.69919291093e+13
772005404900604,1,1.60834459354e+13,3.69919256515e+13
772000540707055,1,1.60833445981e+13,3.69916925755e+13
771093029204500,1,1.60644381084e+13,3.69482076494e+13
770750171120157,1,1.60572952317e+13,3.69317790328e+13
770640571040930,1,1.60550118967e+13,3.69265273624e+13
770074110156091,1,1.60432106283e+13,3.6899384445e+13
770015561105156,1,1.60419908564e+13,3.68965789696e+13
767104009091720,1,1.59813335227e+13,3.67570671023e+13
763029204005411,1,1.58964417501e+13,3.65618160253e+13
763029200470547,1,1.58964416765e+13,3.65618158559e+13
757135711115796,1,1.57736606482e+13,3.6279419491e+13
757071101569172,1,1.5772314616e+13,3.62763236169e+13
757062947109090,1,1.57721447314e+13,3.62759328823e+13
757044147105715,1,1.57717530647e+13,3.62750320488e+13
755550710579030,1,1.57406398037e+13,3.62034715486e+13
754007104097630,1,1.57084813354e+13,3.61295070713e+13
753471079030292,1,1.56973141465e+13,3.61038225369e+13
750171120157960,1,1.56285650033e+13,3.59456995076e+13
750000571105155,1,1.5625011898e+13,3.59375273655e+13
744057104009302,1,1.55011896669e+13,3.56527362338e+13
741101560915671,1,1.54396158524e+13,3.55111164605e+13
730744057104009,1,1.5223834523e+13,3.50148194029e+13
730671094030292,1,1.5222314459e+13,3.50113232556e+13
730547700155611,1,1.52197437532e+13,3.50054106325e+13
730207923047105,1,1.52126650635e+13,3.4989129646e+13
727555507105790,1,1.5157406398e+13,3.48620347155e+13
722092200547773,1,1.50435875114e+13,3.46002512762e+13
722005479705057,1,1.50417808272e+13,3.45960959025e+13
720705475707110,1,1.50146974106e+13,3.45338040443e+13
9763029204005411,1,2.0339644175e+14,4.67811816025e+14
9705057671040090,1,2.0218870148e+14,4.65034013404e+14
9630292047772755,1,2.00631084329e+14,4.61451493956e+14
9617720054049006,1,2.00369167793e+14,4.60849085923e+14
9617220054797050,1,2.00358751142e+14,4.60825127626e+14
9617020705477571,1,2.00354598031e+14,4.60815575471e+14
9593029200405601,1,1.99854775008e+14,4.59665982519e+14
9517072000547070,1,1.98272333345e+14,4.56026366693e+14
9471090906177200,1,1.97314393879e+14,4.53823105921e+14
9403029270450271,1,1.95896443134e+14,4.50561819209e+14
9302920470501107,1,1.93810843135e+14,4.45764939212e+14
9302920470271115,1,1.93810843131e+14,4.457649392e+14
9302920450045511,1,1.93810842709e+14,4.45764938231e+14
9302920040560110,1,1.93810834178e+14,4.4576491861e+14
9302792047045711,1,1.93808167647e+14,4.45758785588e+14
9302617072209220,1,1.93804522338e+14,4.45750401377e+14
9302092040055110,1,1.93793584168e+14,4.45725243586e+14
9270450271111569,1,1.93134380648e+14,4.44209075491e+14
9230471056401104,1,1.92301480342e+14,4.42293404786e+14
9220054777306710,1,1.92084474527e+14,4.41794291413e+14
9204777275555071,1,1.91766193241e+14,4.41062244454e+14
9204705011071560,1,1.91764687731e+14,4.41058781781e+14
9204702711156951,1,1.91764639816e+14,4.41058671576e+14
9204500455110571,1,1.91760426148e+14,4.41048980141e+14
9204005511071569,1,1.91750114814e+14,4.41025264072e+14
9204005411151579,1,1.91750112732e+14,4.41025259284e+14
9200475000057110,1,1.91676562501e+14,4.40856093753e+14
9200470547054757,1,1.9167646973e+14,4.4085588038e+14
9200405601105155,1,1.9167511669e+14,4.40852768386e+14
9176302920047054,1,1.91172977501e+14,4.39697848252e+14
9172007305477001,1,1.91083485531e+14,4.39492016721e+14
9172005479075347,1,1.91083447481e+14,4.39491929206e+14
9172005477307440,1,1.91083447444e+14,4.39491929121e+14
9172005477007411,1,1.91083447438e+14,4.39491929107e+14
9172000547070606,1,1.91083344731e+14,4.3949169288e+14
9170207054720054,1,1.91045980307e+14,4.39405754705e+14
9170200054775706,1,1.91045834474e+14,4.39405419291e+14
9156710569302920,1,1.90764803527e+14,4.38759048112e+14
9096302920477727,1,1.89506310843e+14,4.3586451494e+14
9093020920400551,1,1.89437935842e+14,4.35707252436e+14
9091720054773074,1,1.89410834474e+14,4.35644919291e+14
9090617720005407,1,1.89387869167e+14,4.35592099084e+14
9075347107903029,1,1.89069731415e+14,4.34860382254e+14
9061772000540707,1,1.88786916678e+14,4.34209908359e+14
9030292004750000,1,1.88131083432e+14,4.32701491894e+14
9030201730207923,1,1.88129202713e+14,4.32697166239e+14
9017720054770640,1,1.87869167808e+14,4.32099085958e+14
9017207054757071,1,1.87858480307e+14,4.32074504707e+14
9006041110155710,1,1.87625856462e+14,4.31539469862e+14
7970505767104009,1,1.66052203481e+14,3.81920068007e+14
7961722005479705,1,1.65869208447e+14,3.81499179429e+14
7961702070547757,1,1.65868793136e+14,3.81498224214e+14
7923047105640110,1,1.65063481368e+14,3.79646007145e+14
7907534710790302,1,1.64740306475e+14,3.78902704892e+14
7903029200475000,1,1.64646441677e+14,3.78686815856e+14
7903020173020792,1,1.64646253605e+14,3.78686383291e+14
7775400710409763,1,1.619875148e+14,3.7257128404e+14
7773067109403029,1,1.61938898113e+14,3.72459465659e+14
7772755550710579,1,1.61932407306e+14,3.72444536805e+14
7757135711115796,1,1.61606993982e+14,3.71696086158e+14
7757062947109090,1,1.61605478065e+14,3.71692599549e+14
7754007104097630,1,1.61541814669e+14,3.71546173738e+14
7730744057104009,1,1.61057167856e+14,3.7043148607e+14
7730671094030292,1,1.61055647792e+14,3.70427989922e+14
7727555507105790,1,1.60990739731e+14,3.70278701382e+14
7720054770640571,1,1.60834474388e+14,3.69919291093e+14
7720054049006041,1,1.60834459354e+14,3.69919256515e+14
7720005407070554,1,1.60833445981e+14,3.69916925755e+14
7710930292045004,1,1.60644381084e+14,3.69482076494e+14
7706405710409302,1,1.60550118967e+14,3.69265273624e+14
7700741101560915,1,1.60432106283e+14,3.6899384445e+14
7700155611051560,1,1.60419908564e+14,3.68965789696e+14
7671040090917200,1,1.59813335227e+14,3.67570671023e+14
7630292040054111,1,1.58964417501e+14,3.65618160253e+14
7630292004705470,1,1.58964416765e+14,3.65618158559e+14
7571357111157961,1,1.57736606482e+14,3.6279419491e+14
7570711015691720,1,1.5772314616e+14,3.62763236169e+14
7570629471090906,1,1.57721447314e+14,3.62759328823e+14
7570441471057155,1,1.57717530647e+14,3.62750320488e+14
7555507105790302,1,1.57406398037e+14,3.62034715486e+14
7540071040976302,1,1.57084813354e+14,3.61295070713e+14
7534710790302920,1,1.56973141465e+14,3.61038225369e+14
7500005711051550,1,1.5625011898e+14,3.59375273655e+14
7440571040093027,1,1.55011896669e+14,3.56527362338e+14
7411015609156710,1,1.54396158524e+14,3.55111164605e+14
7307440571040093,1,1.5223834523e+14,3.50148194029e+14
7306710940302927,1,1.5222314459e+14,3.50113232556e+14
7305477001556110,1,1.52197437532e+14,3.50054106325e+14
7302079230471056,1,1.52126650635e+14,3.4989129646e+14
7275555071057903,1,1.5157406398e+14,3.48620347155e+14
7220922005477730,1,1.50435875114e+14,3.46002512762e+14
7220054797050576,1,1.50417808272e+14,3.45960959025e+14
7207054757071101,1,1.50146974106e+14,3.45338040443e+14
7200730547700155,1,1.50015219744e+14,3.45035005411e+14
7200547907534710,1,1.5001141474e+14,3.45026253903e+14
7200547775400710,1,1.50011411988e+14,3.45026247571e+14
7200547730744057,1,1.50011411057e+14,3.45026245431e+14
7200547706405710,1,1.5001141055e+14,3.45026244265e+14
7200547700741101,1,1.50011410432e+14,3.45026243994e+14
7200540490060411,1,1.5001126021e+14,3.45025898482e+14
96302920477727555507,1,2.00631084329e+18,4.61451493956e+18
96177200540490060411,1,2.00369167793e+18,4.60849085923e+18
95930292004056011051,1,1.99854775008e+18,4.59665982519e+18
95170720005470705407,1,1.98272333345e+18,4.56026366693e+18
94710909061772000540,1,1.97314393879e+18,4.53823105921e+18
94030292704502711115,1,1.95896443134e+18,4.50561819209e+18
93029204705011071560,1,1.93810843135e+18,4.45764939212e+18
93029204702711156951,1,1.93810843131e+18,4.457649392e+18
93029204500455110571,1,1.93810842709e+18,4.45764938231e+18
93029200405601105155,1,1.93810834178e+18,4.4576491861e+18
93026170722092200547,1,1.93804522338e+18,4.45750401377e+18
93020920400551107156,1,1.93793584168e+18,4.45725243586e+18
92704502711115691702,1,1.93134380648e+18,4.44209075491e+18
92304710564011041560,1,1.92301480342e+18,4.42293404786e+18
92200547773067109403,1,1.92084474527e+18,4.41794291413e+18
92047772755550710579,1,1.91766193241e+18,4.41062244454e+18
92047050110715609096,1,1.91764687731e+18,4.41058781781e+18
92047027111569517072,1,1.91764639816e+18,4.41058671576e+18
92045004551105715690,1,1.91760426148e+18,4.41048980141e+18
92040055110715690172,1,1.91750114814e+18,4.41025264072e+18
92004750000571105155,1,1.91676562501e+18,4.40856093753e+18
92004705470547570441,1,1.9167646973e+18,4.4085588038e+18
92004056011051550917,1,1.9167511669e+18,4.40852768386e+18
91763029200470547054,1,1.91172977501e+18,4.39697848252e+18
91720073054770015561,1,1.91083485531e+18,4.39492016721e+18
91720054790753471079,1,1.91083447481e+18,4.39491929206e+18
91720054770074110156,1,1.91083447438e+18,4.39491929107e+18
91720005470706060411,1,1.91083344731e+18,4.3949169288e+18
91702000547757062947,1,1.91045834474e+18,4.39405419291e+18
91567105693029204705,1,1.90764803527e+18,4.38759048112e+18
90963029204777275555,1,1.89506310843e+18,4.3586451494e+18
90930209204005511071,1,1.89437935842e+18,4.35707252436e+18
90906177200054070705,1,1.89387869167e+18,4.35592099084e+18
90753471079030292004,1,1.89069731415e+18,4.34860382254e+18
90617720005407070554,1,1.88786916678e+18,4.34209908359e+18
90302920047500005711,1,1.88131083432e+18,4.32701491894e+18
90302017302079230471,1,1.88129202713e+18,4.32697166239e+18
90177200547706405710,1,1.87869167808e+18,4.32099085958e+18
90172070547570711015,1,1.87858480307e+18,4.32074504707e+18
90060411101557104159,1,1.87625856462e+18,4.31539469862e+18
79230471056401104156,1,1.65063481368e+18,3.79646007145e+18
79075347107903029200,1,1.64740306475e+18,3.78902704892e+18
79030292004750000571,1,1.64646441677e+18,3.78686815856e+18
79030201730207923047,1,1.64646253605e+18,3.78686383291e+18
77730671094030292704,1,1.61938898113e+18,3.72459465659e+18
77727555507105790302,1,1.61932407306e+18,3.72444536805e+18
77570629471090906177,1,1.61605478065e+18,3.71692599549e+18
77306710940302927045,1,1.61055647792e+18,3.70427989922e+18
77275555071057903020,1,1.60990739731e+18,3.70278701382e+18
77200547706405710409,1,1.60834474388e+18,3.69919291093e+18
77200540490060411101,1,1.60834459354e+18,3.69919256515e+18
77200054070705547104,1,1.60833445981e+18,3.69916925755e+18
77109302920450045511,1,1.60644381084e+18,3.69482076494e+18
77064057104093026170,1,1.60550118967e+18,3.69265273624e+18
77007411015609156710,1,1.60432106283e+18,3.6899384445e+18
77001556110515609093,1,1.60419908564e+18,3.68965789696e+18
76302920047054705475,1,1.58964416765e+18,3.65618158559e+18
75707110156917200547,1,1.5772314616e+18,3.62763236169e+18
75706294710909061772,1,1.57721447314e+18,3.62759328823e+18
75704414710571550961,1,1.57717530647e+18,3.62750320488e+18
75555071057903020173,1,1.57406398037e+18,3.62034715486e+18
75347107903029200475,1,1.56973141465e+18,3.61038225369e+18
75000057110515509176,1,1.5625011898e+18,3.59375273655e+18
74110156091567105693,1,1.54396158524e+18,3.55111164605e+18
73067109403029270450,1,1.5222314459e+18,3.50113232556e+18
73054770015561105156,1,1.52197437532e+18,3.50054106325e+18
73020792304710564011,1,1.52126650635e+18,3.4989129646e+18
72755550710579030201,1,1.5157406398e+18,3.48620347155e+18
72209220054777306710,1,1.50435875114e+18,3.46002512762e+18
72070547570711015691,1,1.50146974106e+18,3.45338040443e+18
72007305477001556110,1,1.50015219744e+18,3.45035005411e+18
72005479075347107903,1,1.5001141474e+18,3.45026253903e+18
72005477064057104093,1,1.5001141055e+18,3.45026244265e+18
72005477007411015609,1,1.50011410432e+18,3.45026243994e+18
72005404900604111015,1,1.5001126021e+18,3.45025898482e+18
72000547070606041141,1,1.5000113973e+18,3.4500262138e+18
72000547070540771093,1,1.5000113973e+18,3.4500262138e+18
72000540707055471049,1,1.50001126473e+18,3.45002590888e+18
71569017720054770640,1,1.4910212025e+18,3.42934876575e+18
71569017207054757071,1,1.49102119181e+18,3.42934874117e+18
71560909630292047772,1,1.49085228396e+18,3.42896025312e+18
71550961772005404900,1,1.49064503692e+18,3.42848358491e+18
71115695170720005470,1,1.48157698272e+18,3.40762706026e+18
71111569170207054720,1,1.48149102438e+18,3.40742935607e+18
71105155091763029200,1,1.48135739775e+18,3.40712201481e+18
71101569172005477007,1,1.48128269108e+18,3.40695018949e+18
71094030292704502711,1,1.4811256311e+18,3.40658895153e+18
71093029204500455110,1,1.48110477509e+18,3.40654098272e+18
71090906177200054070,1,1.48106054536e+18,3.40643925432e+18
71079030292004750000,1,1.48081313108e+18,3.40587020149e+18
71057903020173020792,1,1.48037297959e+18,3.40485785305e+18
71057155096177200540,1,1.48035739784e+18,3.40482201503e+18
71056930292047050110,1,1.48035271442e+18,3.40481124316e+18
71056401104156091720,1,1.48034168967e+18,3.40478588624e+18
71049302920470271115,1,1.48019381084e+18,3.40444576494e+18
71041595930292004056,1,1.48003324855e+18,3.40407647166e+18
71040930261707220922,1,1.48001938045e+18,3.40404457504e+18
70722092200547773067,1,1.47337692084e+18,3.38876691794e+18
70720005470705407710,1,1.47333344731e+18,3.3886669288e+18
70711015691720054770,1,1.47314616024e+18,3.38823616856e+18
